34
15

<<<<<<< .mine
000300000000000000000
000000000000000000000
0000000000000E0000000
00000000000000E000000
00000000000000E000000
E00000000000E00000000
000000000000000000000
000000000000000000000
000000000000000000000
000000000000000000000
000000000000000000000
000000000000000000000
000000000000000000000
000000000000000000000
000000000000000000000
=======
0000000000000000000000000000000000
0000000000000000000000000000000000
0000000000000000000000000000000000
0000000000000000000000000000000000
0000000000000000000000000000000000
0000000000000000000000000000000000
0000000000000000000000000000000000
0000000000000000000000000000000000
Q000000000000000000000000000000000
0000000000000000000000000000000000
00000000000E0000000000000000000000
0000000000000000000000000000000000
0000000000000000000000000000000000
E000000000000000000000000000000000
0000000000000000000000000000000000>>>>>>> .r82
